177501      130.0         0.0     4.2439701557*0.30636*0.1587900000      6.80       12.1
177502      140.0        10.0     3.1979225874*0.30636*0.1606000000      6.73       12.1
177503      150.0         0.0     2.4526928067*0.30636*0.1625300000      6.70       12.0
177504      152.5        22.5     2.3024949431*0.30636*0.1632400000      6.64       12.4
177505      162.5        12.5     1.8069593906*0.30636*0.1647800000      6.75       12.8
177506      175.0         0.0     1.3526386917*0.30636*0.1680500000      6.60       12.2
177507      165.0        35.0     1.7067664266*0.30636*0.1639400000      6.91       12.7
177508      175.0        25.0     1.3526386917*0.30636*0.1663000000      6.60       12.2
177509      187.5        12.5     1.0351453722*0.30636*0.1682700000      6.40       12.3
177510      200.0         0.0     0.8022477627*0.30636*0.1705300000      6.48       12.3
177511      177.5        47.5     1.2798982263*0.30636*0.1666300000      6.54       12.2
177512      187.5        37.5     1.0351453722*0.30636*0.1674600000      6.40       12.3
177513      200.0        25.0     0.8022477627*0.30636*0.1704700000      6.48       12.3
177514      212.5        12.5     0.6294424236*0.30636*0.1729700000      6.43       12.3
177515      225.0         0.0     0.5012571812*0.30636*0.1746500000      6.39       12.3
177516      190.0        60.0     0.9834355116*0.30636*0.1684600000      6.47       12.2
177517      200.0        50.0     0.8022477627*0.30636*0.1683700000      6.48       12.3
177518      212.5        37.5     0.6294424236*0.30636*0.1730100000      6.43       12.3
177519      225.0        25.0     0.5012571812*0.30636*0.1752300000      6.39       12.3
177520      237.5        12.5     0.4004180953*0.30636*0.1764100000      6.36       12.0
177521      250.0         0.0     0.3232687637*0.30636*0.1783900000      6.88       12.3
177522      202.5        72.5     0.7630156279*0.30636*0.1680100000      6.34       12.4
177523      212.5        62.5     0.6294424236*0.30636*0.1698000000      6.43       12.3
177524      225.0        50.0     0.5012571812*0.30636*0.1738200000      6.39       12.3
177525      237.5        37.5     0.4004180953*0.30636*0.1773600000      6.36       12.0
177526      250.0        25.0     0.3232687637*0.30636*0.1785500000      6.88       12.3
177527      262.5        12.5     0.2637965977*0.30636*0.1789700000      7.03       12.7
177528      275.0         0.0     0.2168904692*0.30636*0.1821800000      7.08       12.5
